-1031959680
-615995264
-159632192
-548683584
-458196000
-655554240
-195576464
-408135744
-841306432
-977659456
-633155328
-41790140
-886670976
-885584448
-735484672
-796888512
-884765120
-495917696
-110728256
-123817704
-226348656
-160931024
85704192
-522676256
-608001216
-728620544
-580335488
-648637952
-858146816
-1140638720
-1063194048
-965863936
-991267968
-833219136
-1085116928
-1108429184
-988726144
-706440896
-1081991168
-1115232512
-1115220352
-588597056
-1169911552
-337367744
-1336885632
-1020807424
-833266176
-993326272
-503142048
263295696
-566452160
-17974548
-410316192
-543677184
241716544
209861984
-222549936
-224662048
-77282720
-399403872
-429426240
-35495132
-614686336
-1127086080
-927162496
-281382656
-362398592
-1106536320
-964252928
-644150016
-514483776
-41727544
-414763488
-263286064
-846698432
23968926
-446028416
-420974464
-1307570304
-688697920
-740910336
-503034624
-568527936
-499585696
-722357440
-673644096
92578928
-214006960
-741744192
-415319392
-619565184
-568030784
-993780992
-517441152
-1319125632
-1294494976
